X:26.737399487436306, Y:1.9666338826223324, Z:194.68239336058042, FX:23, FY:23, FZ:234
X:58.93515479460186, Y:27.178261273464074, Z:162.62618180271744, FX:2, FY:23, FZ:1
