X:-4.7811247690446885, Y:9.999999999999993, Z:3.6076357825077423, FX:20, FY:2, FZ:2
X:-9.681084562213226, Y:10.000000000000007, Z:-9.937211986894916, FX:1, FY:2, FZ:2
