X:3.2534721283013885, Y:3.9680643423233946, Z:10, FX:32, FY:2, FZ:13
X:3.417477498993504, Y:7.664029203045423, Z:10, FX:0, FY:2, FZ:2
